count of a: 599
count of c: 323
count of g: 368
count of t: 411
total count: 1701
mx: 505.000000
my: 598.423523
nx: 345.500000
ny: 874.685669
x_resultant: 770.750000
y_resultant: 930.250000
mewx: 552.716614
mewy: -87.078133
sqrGr: 313078.250000
gr: 559.533936
