count of a: 590
count of c: 325
count of g: 377
count of t: 409
total count: 1701
mx: 499.500000
my: 607.949829
nx: 351.000000
ny: 865.159363
x_resultant: 776.250000
y_resultant: 924.750000
mewx: 555.793884
mewy: -88.711815
sqrGr: 316776.625000
gr: 562.829102
