count of a: 586
count of c: 318
count of g: 381
count of t: 416
total count: 1701
mx: 501.000000
my: 605.351746
nx: 349.500000
ny: 867.757446
x_resultant: 774.750000
y_resultant: 926.250000
mewx: 555.077026
mewy: -85.104424
sqrGr: 315353.250000
gr: 561.563232
