count of a: 596
count of c: 329
count of g: 373
count of t: 403
total count: 1701
mx: 499.500000
my: 607.949829
nx: 351.000000
ny: 865.159363
x_resultant: 776.250000
y_resultant: 924.750000
mewx: 555.014526
mewy: -91.730141
sqrGr: 316455.531250
gr: 562.543823
