count of a: 604
count of c: 311
count of g: 372
count of t: 412
total count: 1699
mx: 508.000000
my: 591.495361
nx: 341.500000
ny: 879.881836
x_resultant: 766.250000
y_resultant: 932.750000
mewx: 548.418579
mewy: -95.561607
sqrGr: 309894.968750
gr: 556.682129
