count of a: 590
count of c: 317
count of g: 381
count of t: 412
total count: 1700
mx: 501.000000
my: 604.485718
nx: 349.000000
ny: 867.757446
x_resultant: 774.000000
y_resultant: 926.000000
mewx: 555.336426
mewy: -91.992332
sqrGr: 316861.125000
gr: 562.904175
