count of a: 586
count of c: 326
count of g: 378
count of t: 411
total count: 1701
mx: 498.500000
my: 609.681885
nx: 352.000000
ny: 863.427307
x_resultant: 777.250000
y_resultant: 923.750000
mewx: 556.010498
mewy: -86.089417
sqrGr: 316559.062500
gr: 562.635803
