count of a: 596
count of c: 329
count of g: 373
count of t: 403
total count: 1701
mx: 499.500000
my: 607.949829
nx: 351.000000
ny: 865.159363
x_resultant: 776.250000
y_resultant: 924.750000
mewx: 554.704224
mewy: -91.313637
sqrGr: 316034.968750
gr: 562.169861
