count of a: 604
count of c: 320
count of g: 376
count of t: 401
total count: 1701
mx: 502.500000
my: 602.753662
nx: 348.000000
ny: 870.355530
x_resultant: 773.250000
y_resultant: 927.750000
mewx: 553.866943
mewy: -98.584145
sqrGr: 316487.437500
gr: 562.572144
