count of a: 594
count of c: 318
count of g: 380
count of t: 409
total count: 1701
mx: 501.500000
my: 604.485718
nx: 349.000000
ny: 868.623474
x_resultant: 774.250000
y_resultant: 926.750000
mewx: 553.878906
mewy: -93.352669
sqrGr: 315496.562500
gr: 561.690796
