count of a: 597
count of c: 319
count of g: 377
count of t: 408
total count: 1701
mx: 502.500000
my: 602.753662
nx: 348.000000
ny: 870.355530
x_resultant: 773.250000
y_resultant: 927.750000
mewx: 553.773804
mewy: -94.888321
sqrGr: 315669.218750
gr: 561.844482
