count of a: 605
count of c: 318
count of g: 374
count of t: 404
total count: 1701
mx: 504.500000
my: 599.289551
nx: 346.000000
ny: 873.819641
x_resultant: 771.250000
y_resultant: 929.750000
mewx: 553.071106
mewy: -98.599365
sqrGr: 315609.500000
gr: 561.791321
