count of a: 606
count of c: 319
count of g: 372
count of t: 402
total count: 1699
mx: 504.000000
my: 598.423523
nx: 345.500000
ny: 872.953613
x_resultant: 770.250000
y_resultant: 928.750000
mewx: 552.085754
mewy: -98.355782
sqrGr: 314472.562500
gr: 560.778503
