count of a: 590
count of c: 322
count of g: 377
count of t: 411
total count: 1700
mx: 500.500000
my: 605.351746
nx: 349.500000
ny: 866.891418
x_resultant: 774.500000
y_resultant: 925.500000
mewx: 554.197998
mewy: -88.289833
sqrGr: 314930.500000
gr: 561.186707
