count of a: 602
count of c: 319
count of g: 375
count of t: 404
total count: 1700
mx: 503.000000
my: 601.021606
nx: 347.000000
ny: 871.221558
x_resultant: 772.000000
y_resultant: 928.000000
mewx: 553.084656
mewy: -96.276329
sqrGr: 315171.750000
gr: 561.401611
