count of a: 603
count of c: 319
count of g: 375
count of t: 404
total count: 1701
mx: 503.500000
my: 601.021606
nx: 347.000000
ny: 872.087585
x_resultant: 772.250000
y_resultant: 928.750000
mewx: 553.359985
mewy: -97.757301
sqrGr: 315763.781250
gr: 561.928650
