count of a: 599
count of c: 322
count of g: 378
count of t: 402
total count: 1701
mx: 500.500000
my: 606.217773
nx: 350.000000
ny: 866.891418
x_resultant: 775.250000
y_resultant: 925.750000
mewx: 554.940857
mewy: -95.759140
sqrGr: 317129.156250
gr: 563.142212
