count of a: 596
count of c: 322
count of g: 380
count of t: 402
total count: 1700
mx: 499.000000
my: 607.949829
nx: 351.000000
ny: 864.293335
x_resultant: 776.000000
y_resultant: 924.000000
mewx: 555.466553
mewy: -95.292442
sqrGr: 317623.750000
gr: 563.581177
