count of a: 596
count of c: 322
count of g: 381
count of t: 402
total count: 1701
mx: 499.000000
my: 608.815857
nx: 351.500000
ny: 864.293335
x_resultant: 776.750000
y_resultant: 924.250000
mewx: 555.699341
mewy: -95.525810
sqrGr: 317926.937500
gr: 563.850098
