count of a: 598
count of c: 322
count of g: 377
count of t: 404
total count: 1701
mx: 501.000000
my: 605.351746
nx: 349.500000
ny: 867.757446
x_resultant: 774.750000
y_resultant: 926.250000
mewx: 554.277527
mewy: -95.952415
sqrGr: 316430.437500
gr: 562.521484
