count of a: 605
count of c: 323
count of g: 372
count of t: 401
total count: 1701
mx: 503.000000
my: 601.887634
nx: 347.500000
ny: 871.221558
x_resultant: 772.750000
y_resultant: 928.250000
mewx: 553.840210
mewy: -96.787766
sqrGr: 316106.843750
gr: 562.233826
