count of a: 597
count of c: 320
count of g: 376
count of t: 407
total count: 1700
mx: 502.000000
my: 602.753662
nx: 348.000000
ny: 869.489502
x_resultant: 773.000000
y_resultant: 927.000000
mewx: 553.491394
mewy: -94.403000
sqrGr: 315264.656250
gr: 561.484314
