count of a: 606
count of c: 321
count of g: 373
count of t: 401
total count: 1701
mx: 503.500000
my: 601.021606
nx: 347.000000
ny: 872.087585
x_resultant: 772.250000
y_resultant: 928.750000
mewx: 553.515320
mewy: -99.097221
sqrGr: 316199.468750
gr: 562.316162
