count of a: 603
count of c: 317
count of g: 373
count of t: 408
total count: 1701
mx: 505.500000
my: 597.557556
nx: 345.000000
ny: 875.551697
x_resultant: 770.250000
y_resultant: 930.750000
mewx: 552.985901
mewy: -95.773201
sqrGr: 314965.906250
gr: 561.218262
