count of a: 599
count of c: 319
count of g: 379
count of t: 404
total count: 1701
mx: 501.500000
my: 604.485718
nx: 349.000000
ny: 868.623474
x_resultant: 774.250000
y_resultant: 926.750000
mewx: 554.220825
mewy: -95.542725
sqrGr: 316289.125000
gr: 562.395874
