count of a: 601
count of c: 319
count of g: 377
count of t: 404
total count: 1701
mx: 502.500000
my: 602.753662
nx: 348.000000
ny: 870.355530
x_resultant: 773.250000
y_resultant: 927.750000
mewx: 554.176941
mewy: -96.785828
sqrGr: 316479.593750
gr: 562.565186
