count of a: 596
count of c: 320
count of g: 378
count of t: 407
total count: 1701
mx: 501.500000
my: 604.485718
nx: 349.000000
ny: 868.623474
x_resultant: 774.250000
y_resultant: 926.750000
mewx: 554.030823
mewy: -94.651016
sqrGr: 315908.968750
gr: 562.057800
