count of a: 584
count of c: 319
count of g: 386
count of t: 412
total count: 1701
mx: 498.000000
my: 610.547913
nx: 352.500000
ny: 862.561279
x_resultant: 777.750000
y_resultant: 923.250000
mewx: 556.349121
mewy: -87.954033
sqrGr: 317260.250000
gr: 563.258606
