count of a: 594
count of c: 316
count of g: 376
count of t: 415
total count: 1701
mx: 504.500000
my: 599.289551
nx: 346.000000
ny: 873.819641
x_resultant: 771.250000
y_resultant: 929.750000
mewx: 554.329468
mewy: -88.401642
sqrGr: 315096.000000
gr: 561.334106
