count of a: 601
count of c: 320
count of g: 377
count of t: 403
total count: 1701
mx: 502.000000
my: 603.619690
nx: 348.500000
ny: 869.489502
x_resultant: 773.750000
y_resultant: 927.250000
mewx: 554.303040
mewy: -97.059029
sqrGr: 316672.343750
gr: 562.736450
