count of a: 595
count of c: 321
count of g: 378
count of t: 407
total count: 1701
mx: 501.000000
my: 605.351746
nx: 349.500000
ny: 867.757446
x_resultant: 774.750000
y_resultant: 926.250000
mewx: 555.255310
mewy: -94.050400
sqrGr: 317153.937500
gr: 563.164246
