count of a: 598
count of c: 317
count of g: 371
count of t: 415
total count: 1701
mx: 506.500000
my: 595.825500
nx: 344.000000
ny: 877.283752
x_resultant: 769.250000
y_resultant: 931.750000
mewx: 553.287720
mewy: -90.431854
sqrGr: 314305.218750
gr: 560.629333
