count of a: 597
count of c: 326
count of g: 372
count of t: 406
total count: 1701
mx: 501.500000
my: 604.485718
nx: 349.000000
ny: 868.623474
x_resultant: 774.250000
y_resultant: 926.750000
mewx: 553.786316
mewy: -90.407646
sqrGr: 314852.812500
gr: 561.117493
