count of a: 602
count of c: 321
count of g: 375
count of t: 402
total count: 1700
mx: 502.000000
my: 602.753662
nx: 348.000000
ny: 869.489502
x_resultant: 773.000000
y_resultant: 927.000000
mewx: 554.021851
mewy: -97.712540
sqrGr: 316487.968750
gr: 562.572632
