count of a: 600
count of c: 317
count of g: 369
count of t: 415
total count: 1701
mx: 507.500000
my: 594.093445
nx: 343.000000
ny: 879.015808
x_resultant: 768.250000
y_resultant: 932.750000
mewx: 552.920288
mewy: -87.141617
sqrGr: 313314.500000
gr: 559.745056
