count of a: 605
count of c: 321
count of g: 375
count of t: 400
total count: 1701
mx: 502.500000
my: 602.753662
nx: 348.000000
ny: 870.355530
x_resultant: 773.250000
y_resultant: 927.750000
mewx: 554.104431
mewy: -100.710182
sqrGr: 317174.250000
gr: 563.182251
