count of a: 600
count of c: 322
count of g: 377
count of t: 402
total count: 1701
mx: 501.000000
my: 605.351746
nx: 349.500000
ny: 867.757446
x_resultant: 774.750000
y_resultant: 926.250000
mewx: 554.841248
mewy: -95.858711
sqrGr: 317037.718750
gr: 563.061035
