count of a: 604
count of c: 320
count of g: 373
count of t: 404
total count: 1701
mx: 504.000000
my: 600.155579
nx: 346.500000
ny: 872.953613
x_resultant: 771.750000
y_resultant: 929.250000
mewx: 552.967529
mewy: -97.216141
sqrGr: 315224.062500
gr: 561.448181
