count of a: 604
count of c: 316
count of g: 374
count of t: 407
total count: 1701
mx: 505.500000
my: 597.557556
nx: 345.000000
ny: 875.551697
x_resultant: 770.250000
y_resultant: 930.750000
mewx: 552.603149
mewy: -96.497650
sqrGr: 314682.062500
gr: 560.965271
