count of a: 606
count of c: 319
count of g: 374
count of t: 402
total count: 1701
mx: 504.000000
my: 600.155579
nx: 346.500000
ny: 872.953613
x_resultant: 771.750000
y_resultant: 929.250000
mewx: 553.375183
mewy: -98.465469
sqrGr: 315919.531250
gr: 562.067200
