count of a: 600
count of c: 319
count of g: 377
count of t: 404
total count: 1700
mx: 502.000000
my: 602.753662
nx: 348.000000
ny: 869.489502
x_resultant: 773.000000
y_resultant: 927.000000
mewx: 554.030640
mewy: -96.278358
sqrGr: 316219.468750
gr: 562.333923
