count of a: 601
count of c: 321
count of g: 377
count of t: 401
total count: 1700
mx: 501.000000
my: 604.485718
nx: 349.000000
ny: 867.757446
x_resultant: 774.000000
y_resultant: 926.000000
mewx: 553.797363
mewy: -97.367744
sqrGr: 316172.000000
gr: 562.291748
