count of a: 603
count of c: 323
count of g: 374
count of t: 401
total count: 1701
mx: 502.000000
my: 603.619690
nx: 348.500000
ny: 869.489502
x_resultant: 773.750000
y_resultant: 927.250000
mewx: 554.346985
mewy: -96.192673
sqrGr: 316553.625000
gr: 562.630981
