count of a: 608
count of c: 321
count of g: 371
count of t: 401
total count: 1701
mx: 504.500000
my: 599.289551
nx: 346.000000
ny: 873.819641
x_resultant: 771.250000
y_resultant: 929.750000
mewx: 553.019043
mewy: -99.593452
sqrGr: 315748.906250
gr: 561.915405
