count of a: 604
count of c: 324
count of g: 375
count of t: 398
total count: 1701
mx: 501.000000
my: 605.351746
nx: 349.500000
ny: 867.757446
x_resultant: 774.750000
y_resultant: 926.250000
mewx: 554.712158
mewy: -99.684517
sqrGr: 317642.593750
gr: 563.597900
