count of a: 604
count of c: 318
count of g: 376
count of t: 403
total count: 1701
mx: 503.500000
my: 601.021606
nx: 347.000000
ny: 872.087585
x_resultant: 772.250000
y_resultant: 928.750000
mewx: 553.559937
mewy: -98.988174
sqrGr: 316227.250000
gr: 562.340881
