count of a: 600
count of c: 321
count of g: 377
count of t: 403
total count: 1701
mx: 501.500000
my: 604.485718
nx: 349.000000
ny: 868.623474
x_resultant: 774.250000
y_resultant: 926.750000
mewx: 554.773560
mewy: -96.547920
sqrGr: 317095.187500
gr: 563.112061
