count of a: 607
count of c: 320
count of g: 372
count of t: 402
total count: 1701
mx: 504.500000
my: 599.289551
nx: 346.000000
ny: 873.819641
x_resultant: 771.250000
y_resultant: 929.750000
mewx: 552.984436
mewy: -98.913017
sqrGr: 315575.562500
gr: 561.761108
