count of a: 602
count of c: 319
count of g: 375
count of t: 405
total count: 1701
mx: 503.500000
my: 601.021606
nx: 347.000000
ny: 872.087585
x_resultant: 772.250000
y_resultant: 928.750000
mewx: 553.825012
mewy: -96.516739
sqrGr: 316037.625000
gr: 562.172241
