count of a: 604
count of c: 319
count of g: 377
count of t: 401
total count: 1701
mx: 502.500000
my: 602.753662
nx: 348.000000
ny: 870.355530
x_resultant: 773.250000
y_resultant: 927.750000
mewx: 554.095764
mewy: -100.232536
sqrGr: 317068.687500
gr: 563.088501
