count of a: 602
count of c: 323
count of g: 376
count of t: 400
total count: 1701
mx: 501.000000
my: 605.351746
nx: 349.500000
ny: 867.757446
x_resultant: 774.750000
y_resultant: 926.250000
mewx: 554.557373
mewy: -97.664993
sqrGr: 317072.312500
gr: 563.091736
