count of a: 602
count of c: 322
count of g: 374
count of t: 403
total count: 1701
mx: 502.500000
my: 602.753662
nx: 348.000000
ny: 870.355530
x_resultant: 773.250000
y_resultant: 927.750000
mewx: 554.206848
mewy: -96.039368
sqrGr: 316368.781250
gr: 562.466675
