count of a: 605
count of c: 319
count of g: 373
count of t: 404
total count: 1701
mx: 504.500000
my: 599.289551
nx: 346.000000
ny: 873.819641
x_resultant: 771.250000
y_resultant: 929.750000
mewx: 553.007446
mewy: -97.465454
sqrGr: 315316.750000
gr: 561.530701
