count of a: 604
count of c: 321
count of g: 373
count of t: 402
total count: 1700
mx: 503.000000
my: 601.021606
nx: 347.000000
ny: 871.221558
x_resultant: 772.000000
y_resultant: 928.000000
mewx: 553.427002
mewy: -96.185493
sqrGr: 315533.093750
gr: 561.723328
