count of a: 600
count of c: 322
count of g: 378
count of t: 401
total count: 1701
mx: 500.500000
my: 606.217773
nx: 350.000000
ny: 866.891418
x_resultant: 775.250000
y_resultant: 925.750000
mewx: 555.258728
mewy: -97.458214
sqrGr: 317810.343750
gr: 563.746704
