count of a: 603
count of c: 320
count of g: 375
count of t: 402
total count: 1700
mx: 502.500000
my: 601.887634
nx: 347.500000
ny: 870.355530
x_resultant: 772.500000
y_resultant: 927.500000
mewx: 553.097046
mewy: -97.859421
sqrGr: 315492.812500
gr: 561.687439
