count of a: 607
count of c: 318
count of g: 372
count of t: 403
total count: 1700
mx: 505.000000
my: 597.557556
nx: 345.000000
ny: 874.685669
x_resultant: 770.000000
y_resultant: 930.000000
mewx: 552.257996
mewy: -99.122978
sqrGr: 314814.281250
gr: 561.083130
