count of a: 604
count of c: 314
count of g: 376
count of t: 407
total count: 1701
mx: 505.500000
my: 597.557556
nx: 345.000000
ny: 875.551697
x_resultant: 770.250000
y_resultant: 930.750000
mewx: 552.948303
mewy: -96.808434
sqrGr: 315123.687500
gr: 561.358765
