count of a: 601
count of c: 318
count of g: 377
count of t: 405
total count: 1701
mx: 503.000000
my: 601.887634
nx: 347.500000
ny: 871.221558
x_resultant: 772.750000
y_resultant: 928.250000
mewx: 554.251221
mewy: -96.860023
sqrGr: 316576.281250
gr: 562.651123
