count of a: 600
count of c: 321
count of g: 377
count of t: 403
total count: 1701
mx: 501.500000
my: 604.485718
nx: 349.000000
ny: 868.623474
x_resultant: 774.250000
y_resultant: 926.750000
mewx: 554.421204
mewy: -97.043121
sqrGr: 316800.250000
gr: 562.850098
