count of a: 605
count of c: 316
count of g: 375
count of t: 404
total count: 1700
mx: 504.500000
my: 598.423523
nx: 345.500000
ny: 873.819641
x_resultant: 770.500000
y_resultant: 929.500000
mewx: 552.710205
mewy: -99.618279
sqrGr: 315412.375000
gr: 561.615845
