count of a: 601
count of c: 320
count of g: 376
count of t: 403
total count: 1700
mx: 502.000000
my: 602.753662
nx: 348.000000
ny: 869.489502
x_resultant: 773.000000
y_resultant: 927.000000
mewx: 553.631836
mewy: -96.860107
sqrGr: 315890.093750
gr: 562.041016
