count of a: 600
count of c: 321
count of g: 378
count of t: 402
total count: 1701
mx: 501.000000
my: 605.351746
nx: 349.500000
ny: 867.757446
x_resultant: 774.750000
y_resultant: 926.250000
mewx: 554.766235
mewy: -97.855095
sqrGr: 317341.187500
gr: 563.330444
