count of a: 598
count of c: 322
count of g: 379
count of t: 402
total count: 1701
mx: 500.000000
my: 607.083801
nx: 350.500000
ny: 866.025391
x_resultant: 775.750000
y_resultant: 925.250000
mewx: 555.127747
mewy: -95.572868
sqrGr: 317301.000000
gr: 563.294800
