count of a: 599
count of c: 322
count of g: 377
count of t: 403
total count: 1701
mx: 501.000000
my: 605.351746
nx: 349.500000
ny: 867.757446
x_resultant: 774.750000
y_resultant: 926.250000
mewx: 554.830750
mewy: -96.216774
sqrGr: 317094.812500
gr: 563.111694
