count of a: 604
count of c: 319
count of g: 374
count of t: 404
total count: 1701
mx: 504.000000
my: 600.155579
nx: 346.500000
ny: 872.953613
x_resultant: 771.750000
y_resultant: 929.250000
mewx: 553.564270
mewy: -95.677048
sqrGr: 315587.500000
gr: 561.771729
