count of a: 601
count of c: 321
count of g: 376
count of t: 403
total count: 1701
mx: 502.000000
my: 603.619690
nx: 348.500000
ny: 869.489502
x_resultant: 773.750000
y_resultant: 927.250000
mewx: 554.711792
mewy: -96.609253
sqrGr: 317038.531250
gr: 563.061768
