count of a: 600
count of c: 319
count of g: 377
count of t: 405
total count: 1701
mx: 502.500000
my: 602.753662
nx: 348.000000
ny: 870.355530
x_resultant: 773.250000
y_resultant: 927.750000
mewx: 554.526550
mewy: -96.250641
sqrGr: 316763.875000
gr: 562.817810
