count of a: 600
count of c: 310
count of g: 377
count of t: 414
total count: 1701
mx: 507.000000
my: 594.959473
nx: 343.500000
ny: 878.149780
x_resultant: 768.750000
y_resultant: 932.250000
mewx: 550.009949
mewy: -95.429359
sqrGr: 311617.687500
gr: 558.227295
