count of a: 595
count of c: 318
count of g: 377
count of t: 410
total count: 1700
mx: 502.500000
my: 601.887634
nx: 347.500000
ny: 870.355530
x_resultant: 772.500000
y_resultant: 927.500000
mewx: 553.984558
mewy: -93.391685
sqrGr: 315620.875000
gr: 561.801453
