count of a: 594
count of c: 319
count of g: 381
count of t: 407
total count: 1701
mx: 500.500000
my: 606.217773
nx: 350.000000
ny: 866.891418
x_resultant: 775.250000
y_resultant: 925.750000
mewx: 554.562439
mewy: -94.571404
sqrGr: 316483.250000
gr: 562.568420
