count of a: 601
count of c: 322
count of g: 374
count of t: 404
total count: 1701
mx: 502.500000
my: 602.753662
nx: 348.000000
ny: 870.355530
x_resultant: 773.250000
y_resultant: 927.750000
mewx: 553.372498
mewy: -95.733078
sqrGr: 315385.937500
gr: 561.592346
