count of a: 604
count of c: 321
count of g: 374
count of t: 402
total count: 1701
mx: 503.000000
my: 601.887634
nx: 347.500000
ny: 871.221558
x_resultant: 772.750000
y_resultant: 928.250000
mewx: 553.315796
mewy: -97.597397
sqrGr: 315683.625000
gr: 561.857300
