count of a: 603
count of c: 323
count of g: 372
count of t: 403
total count: 1701
mx: 503.000000
my: 601.887634
nx: 347.500000
ny: 871.221558
x_resultant: 772.750000
y_resultant: 928.250000
mewx: 553.360779
mewy: -96.493378
sqrGr: 315519.125000
gr: 561.710876
