count of a: 606
count of c: 319
count of g: 373
count of t: 403
total count: 1701
mx: 504.500000
my: 599.289551
nx: 346.000000
ny: 873.819641
x_resultant: 771.250000
y_resultant: 929.750000
mewx: 552.842346
mewy: -98.799026
sqrGr: 315395.906250
gr: 561.601196
