count of a: 605
count of c: 316
count of g: 374
count of t: 406
total count: 1701
mx: 505.500000
my: 597.557556
nx: 345.000000
ny: 875.551697
x_resultant: 770.250000
y_resultant: 930.750000
mewx: 552.677002
mewy: -97.495369
sqrGr: 314957.218750
gr: 561.210510
