count of a: 595
count of c: 318
count of g: 376
count of t: 410
total count: 1699
mx: 502.500000
my: 601.021606
nx: 347.000000
ny: 870.355530
x_resultant: 771.750000
y_resultant: 927.250000
mewx: 553.952087
mewy: -92.444527
sqrGr: 315408.906250
gr: 561.612793
