count of a: 590
count of c: 325
count of g: 376
count of t: 410
total count: 1701
mx: 500.000000
my: 607.083801
nx: 350.500000
ny: 866.025391
x_resultant: 775.750000
y_resultant: 925.250000
mewx: 555.841309
mewy: -87.522820
sqrGr: 316619.812500
gr: 562.689819
