count of a: 605
count of c: 319
count of g: 375
count of t: 402
total count: 1701
mx: 503.500000
my: 601.021606
nx: 347.000000
ny: 872.087585
x_resultant: 772.250000
y_resultant: 928.750000
mewx: 553.455994
mewy: -99.567261
sqrGr: 316227.156250
gr: 562.340759
