count of a: 601
count of c: 319
count of g: 376
count of t: 405
total count: 1701
mx: 503.000000
my: 601.887634
nx: 347.500000
ny: 871.221558
x_resultant: 772.750000
y_resultant: 928.250000
mewx: 553.425354
mewy: -96.476524
sqrGr: 315587.343750
gr: 561.771606
