count of a: 603
count of c: 321
count of g: 375
count of t: 402
total count: 1701
mx: 502.500000
my: 602.753662
nx: 348.000000
ny: 870.355530
x_resultant: 773.250000
y_resultant: 927.750000
mewx: 553.879822
mewy: -98.456291
sqrGr: 316476.500000
gr: 562.562439
