count of a: 606
count of c: 317
count of g: 374
count of t: 404
total count: 1701
mx: 505.000000
my: 598.423523
nx: 345.500000
ny: 874.685669
x_resultant: 770.750000
y_resultant: 930.250000
mewx: 552.707581
mewy: -99.475761
sqrGr: 315381.093750
gr: 561.588013
