count of a: 598
count of c: 318
count of g: 379
count of t: 406
total count: 1701
mx: 502.000000
my: 603.619690
nx: 348.500000
ny: 869.489502
x_resultant: 773.750000
y_resultant: 927.250000
mewx: 553.979553
mewy: -94.799934
sqrGr: 315880.375000
gr: 562.032349
