count of a: 604
count of c: 322
count of g: 375
count of t: 400
total count: 1701
mx: 502.000000
my: 603.619690
nx: 348.500000
ny: 869.489502
x_resultant: 773.750000
y_resultant: 927.250000
mewx: 554.074829
mewy: -99.256271
sqrGr: 316850.718750
gr: 562.894958
