count of a: 605
count of c: 320
count of g: 373
count of t: 401
total count: 1699
mx: 503.000000
my: 600.155579
nx: 346.500000
ny: 871.221558
x_resultant: 771.250000
y_resultant: 927.750000
mewx: 552.712097
mewy: -99.307907
sqrGr: 315352.718750
gr: 561.562744
