count of a: 596
count of c: 320
count of g: 378
count of t: 407
total count: 1701
mx: 501.500000
my: 604.485718
nx: 349.000000
ny: 868.623474
x_resultant: 774.250000
y_resultant: 926.750000
mewx: 553.851868
mewy: -95.162384
sqrGr: 315807.781250
gr: 561.967773
