count of a: 596
count of c: 323
count of g: 381
count of t: 401
total count: 1701
mx: 498.500000
my: 609.681885
nx: 352.000000
ny: 863.427307
x_resultant: 777.250000
y_resultant: 923.750000
mewx: 555.996704
mewy: -95.582283
sqrGr: 318268.312500
gr: 564.152710
