count of a: 595
count of c: 318
count of g: 373
count of t: 415
total count: 1701
mx: 505.000000
my: 598.423523
nx: 345.500000
ny: 874.685669
x_resultant: 770.750000
y_resultant: 930.250000
mewx: 552.507080
mewy: -89.248032
sqrGr: 313229.281250
gr: 559.668884
