count of a: 603
count of c: 320
count of g: 376
count of t: 402
total count: 1701
mx: 502.500000
my: 602.753662
nx: 348.000000
ny: 870.355530
x_resultant: 773.250000
y_resultant: 927.750000
mewx: 553.551208
mewy: -98.258919
sqrGr: 316073.750000
gr: 562.204346
