count of a: 603
count of c: 321
count of g: 376
count of t: 401
total count: 1701
mx: 502.000000
my: 603.619690
nx: 348.500000
ny: 869.489502
x_resultant: 773.750000
y_resultant: 927.250000
mewx: 554.199219
mewy: -98.413391
sqrGr: 316821.968750
gr: 562.869385
