count of a: 602
count of c: 323
count of g: 375
count of t: 401
total count: 1701
mx: 501.500000
my: 604.485718
nx: 349.000000
ny: 868.623474
x_resultant: 774.250000
y_resultant: 926.750000
mewx: 553.644226
mewy: -96.997711
sqrGr: 315930.500000
gr: 562.076965
