count of a: 604
count of c: 320
count of g: 375
count of t: 402
total count: 1701
mx: 503.000000
my: 601.887634
nx: 347.500000
ny: 871.221558
x_resultant: 772.750000
y_resultant: 928.250000
mewx: 553.740417
mewy: -99.072845
sqrGr: 316443.875000
gr: 562.533447
