count of a: 603
count of c: 321
count of g: 375
count of t: 402
total count: 1701
mx: 502.500000
my: 602.753662
nx: 348.000000
ny: 870.355530
x_resultant: 773.250000
y_resultant: 927.750000
mewx: 554.049988
mewy: -97.043259
sqrGr: 316388.781250
gr: 562.484497
