count of a: 603
count of c: 318
count of g: 368
count of t: 412
total count: 1701
mx: 507.500000
my: 594.093445
nx: 343.000000
ny: 879.015808
x_resultant: 768.250000
y_resultant: 932.750000
mewx: 552.537964
mewy: -88.498657
sqrGr: 313130.187500
gr: 559.580383
