count of a: 604
count of c: 320
count of g: 374
count of t: 402
total count: 1700
mx: 503.000000
my: 601.021606
nx: 347.000000
ny: 871.221558
x_resultant: 772.000000
y_resultant: 928.000000
mewx: 553.037415
mewy: -98.245750
sqrGr: 315502.593750
gr: 561.696167
