count of a: 603
count of c: 319
count of g: 376
count of t: 403
total count: 1701
mx: 503.000000
my: 601.887634
nx: 347.500000
ny: 871.221558
x_resultant: 772.750000
y_resultant: 928.250000
mewx: 554.307312
mewy: -97.274376
sqrGr: 316718.906250
gr: 562.777832
