count of a: 601
count of c: 320
count of g: 376
count of t: 404
total count: 1701
mx: 502.500000
my: 602.753662
nx: 348.000000
ny: 870.355530
x_resultant: 773.250000
y_resultant: 927.750000
mewx: 553.988037
mewy: -96.460014
sqrGr: 316207.281250
gr: 562.323120
