count of a: 601
count of c: 321
count of g: 378
count of t: 401
total count: 1701
mx: 501.000000
my: 605.351746
nx: 349.500000
ny: 867.757446
x_resultant: 774.750000
y_resultant: 926.250000
mewx: 554.825256
mewy: -97.805008
sqrGr: 317396.875000
gr: 563.379883
