count of a: 602
count of c: 323
count of g: 375
count of t: 401
total count: 1701
mx: 501.500000
my: 604.485718
nx: 349.000000
ny: 868.623474
x_resultant: 774.250000
y_resultant: 926.750000
mewx: 554.993713
mewy: -97.444901
sqrGr: 317513.531250
gr: 563.483398
