count of a: 603
count of c: 315
count of g: 377
count of t: 406
total count: 1701
mx: 504.500000
my: 599.289551
nx: 346.000000
ny: 873.819641
x_resultant: 771.250000
y_resultant: 929.750000
mewx: 553.378906
mewy: -96.576218
sqrGr: 315555.187500
gr: 561.742981
