count of a: 602
count of c: 322
count of g: 374
count of t: 403
total count: 1701
mx: 502.500000
my: 602.753662
nx: 348.000000
ny: 870.355530
x_resultant: 773.250000
y_resultant: 927.750000
mewx: 553.756531
mewy: -95.530647
sqrGr: 315772.375000
gr: 561.936279
