count of a: 599
count of c: 318
count of g: 377
count of t: 407
total count: 1701
mx: 503.000000
my: 601.887634
nx: 347.500000
ny: 871.221558
x_resultant: 772.750000
y_resultant: 928.250000
mewx: 553.451416
mewy: -95.575409
sqrGr: 315443.125000
gr: 561.643250
