count of a: 601
count of c: 318
count of g: 378
count of t: 404
total count: 1701
mx: 502.500000
my: 602.753662
nx: 348.000000
ny: 870.355530
x_resultant: 773.250000
y_resultant: 927.750000
mewx: 553.649109
mewy: -98.116936
sqrGr: 316154.281250
gr: 562.276001
