count of a: 603
count of c: 320
count of g: 374
count of t: 404
total count: 1701
mx: 503.500000
my: 601.021606
nx: 347.000000
ny: 872.087585
x_resultant: 772.250000
y_resultant: 928.750000
mewx: 553.916565
mewy: -97.230293
sqrGr: 316277.281250
gr: 562.385376
