count of a: 597
count of c: 325
count of g: 368
count of t: 410
total count: 1700
mx: 503.500000
my: 600.155579
nx: 346.500000
ny: 872.087585
x_resultant: 771.500000
y_resultant: 928.500000
mewx: 552.710999
mewy: -86.584015
sqrGr: 312986.218750
gr: 559.451721
