count of a: 584
count of c: 319
count of g: 383
count of t: 414
total count: 1700
mx: 499.000000
my: 607.949829
nx: 351.000000
ny: 864.293335
x_resultant: 776.000000
y_resultant: 924.000000
mewx: 555.600220
mewy: -86.301872
sqrGr: 316139.593750
gr: 562.262939
