count of a: 597
count of c: 319
count of g: 371
count of t: 414
total count: 1701
mx: 505.500000
my: 597.557556
nx: 345.000000
ny: 875.551697
x_resultant: 770.250000
y_resultant: 930.750000
mewx: 553.497253
mewy: -90.050079
sqrGr: 314468.250000
gr: 560.774658
