count of a: 601
count of c: 322
count of g: 373
count of t: 405
total count: 1701
mx: 503.000000
my: 601.887634
nx: 347.500000
ny: 871.221558
x_resultant: 772.750000
y_resultant: 928.250000
mewx: 553.579712
mewy: -94.943932
sqrGr: 315464.843750
gr: 561.662598
