count of a: 602
count of c: 319
count of g: 376
count of t: 404
total count: 1701
mx: 503.000000
my: 601.887634
nx: 347.500000
ny: 871.221558
x_resultant: 772.750000
y_resultant: 928.250000
mewx: 553.706726
mewy: -96.981613
sqrGr: 315996.562500
gr: 562.135742
