count of a: 597
count of c: 321
count of g: 376
count of t: 407
total count: 1701
mx: 502.000000
my: 603.619690
nx: 348.500000
ny: 869.489502
x_resultant: 773.750000
y_resultant: 927.250000
mewx: 553.741394
mewy: -94.022438
sqrGr: 315469.750000
gr: 561.666931
