count of a: 588
count of c: 325
count of g: 378
count of t: 410
total count: 1701
mx: 499.000000
my: 608.815857
nx: 351.500000
ny: 864.293335
x_resultant: 776.750000
y_resultant: 924.250000
mewx: 556.314392
mewy: -87.312721
sqrGr: 317109.187500
gr: 563.124512
