count of a: 602
count of c: 320
count of g: 374
count of t: 405
total count: 1701
mx: 503.500000
my: 601.021606
nx: 347.000000
ny: 872.087585
x_resultant: 772.250000
y_resultant: 928.750000
mewx: 553.704895
mewy: -95.644333
sqrGr: 315736.968750
gr: 561.904785
