count of a: 603
count of c: 321
count of g: 374
count of t: 403
total count: 1701
mx: 503.000000
my: 601.887634
nx: 347.500000
ny: 871.221558
x_resultant: 772.750000
y_resultant: 928.250000
mewx: 554.190796
mewy: -97.541641
sqrGr: 316641.812500
gr: 562.709351
