count of a: 594
count of c: 319
count of g: 373
count of t: 414
total count: 1700
mx: 504.000000
my: 599.289551
nx: 346.000000
ny: 872.953613
x_resultant: 771.000000
y_resultant: 929.000000
mewx: 553.853149
mewy: -88.653061
sqrGr: 314612.687500
gr: 560.903442
