count of a: 605
count of c: 315
count of g: 374
count of t: 407
total count: 1701
mx: 506.000000
my: 596.691528
nx: 344.500000
ny: 876.417725
x_resultant: 769.750000
y_resultant: 931.250000
mewx: 552.604370
mewy: -97.422859
sqrGr: 314862.812500
gr: 561.126404
