count of a: 602
count of c: 322
count of g: 373
count of t: 404
total count: 1701
mx: 503.000000
my: 601.887634
nx: 347.500000
ny: 871.221558
x_resultant: 772.750000
y_resultant: 928.250000
mewx: 553.783447
mewy: -96.373421
sqrGr: 315963.937500
gr: 562.106689
