count of a: 605
count of c: 321
count of g: 373
count of t: 402
total count: 1701
mx: 503.500000
my: 601.021606
nx: 347.000000
ny: 872.087585
x_resultant: 772.250000
y_resultant: 928.750000
mewx: 552.944153
mewy: -97.734543
sqrGr: 315299.281250
gr: 561.515137
