count of a: 599
count of c: 323
count of g: 376
count of t: 403
total count: 1701
mx: 501.000000
my: 605.351746
nx: 349.500000
ny: 867.757446
x_resultant: 774.750000
y_resultant: 926.250000
mewx: 554.640869
mewy: -95.948967
sqrGr: 316832.718750
gr: 562.878967
