count of a: 604
count of c: 321
count of g: 373
count of t: 403
total count: 1701
mx: 503.500000
my: 601.021606
nx: 347.000000
ny: 872.087585
x_resultant: 772.250000
y_resultant: 928.750000
mewx: 553.640625
mewy: -95.724686
sqrGr: 315681.156250
gr: 561.855103
