count of a: 2819
count of c: 2253
count of g: 2995
count of t: 2205
total count: 10272
mx: 2512.000000
my: 4544.901367
nx: 2624.000000
ny: 4350.911621
x_resultant: 5192.000000
y_resultant: 5080.000000
mewx: 3522.516846
mewy: -428.578430
sqrGr: 12591804.000000
gr: 3548.493164
