count of a: 597
count of c: 321
count of g: 381
count of t: 402
total count: 1701
mx: 499.500000
my: 607.949829
nx: 351.000000
ny: 865.159363
x_resultant: 776.250000
y_resultant: 924.750000
mewx: 555.691772
mewy: -95.887886
sqrGr: 317987.843750
gr: 563.904114
