count of a: 601
count of c: 319
count of g: 376
count of t: 405
total count: 1701
mx: 503.000000
my: 601.887634
nx: 347.500000
ny: 871.221558
x_resultant: 772.750000
y_resultant: 928.250000
mewx: 553.867371
mewy: -96.982780
sqrGr: 316174.718750
gr: 562.294128
