count of a: 588
count of c: 325
count of g: 380
count of t: 408
total count: 1701
mx: 498.000000
my: 610.547913
nx: 352.500000
ny: 862.561279
x_resultant: 777.750000
y_resultant: 923.250000
mewx: 556.419800
mewy: -89.192314
sqrGr: 317558.281250
gr: 563.523071
