count of a: 597
count of c: 320
count of g: 375
count of t: 409
total count: 1701
mx: 503.000000
my: 601.887634
nx: 347.500000
ny: 871.221558
x_resultant: 772.750000
y_resultant: 928.250000
mewx: 555.059082
mewy: -93.206810
sqrGr: 316778.093750
gr: 562.830444
