count of a: 595
count of c: 316
count of g: 373
count of t: 417
total count: 1701
mx: 506.000000
my: 596.691528
nx: 344.500000
ny: 876.417725
x_resultant: 769.750000
y_resultant: 931.250000
mewx: 552.252075
mewy: -88.430557
sqrGr: 312802.312500
gr: 559.287354
