count of a: 592
count of c: 317
count of g: 380
count of t: 412
total count: 1701
mx: 502.000000
my: 603.619690
nx: 348.500000
ny: 869.489502
x_resultant: 773.750000
y_resultant: 927.250000
mewx: 555.295105
mewy: -92.982933
sqrGr: 316998.468750
gr: 563.026184
