count of a: 596
count of c: 323
count of g: 375
count of t: 407
total count: 1701
mx: 501.500000
my: 604.485718
nx: 349.000000
ny: 868.623474
x_resultant: 774.250000
y_resultant: 926.750000
mewx: 554.036865
mewy: -91.518875
sqrGr: 315332.562500
gr: 561.544800
