count of a: 597
count of c: 324
count of g: 374
count of t: 406
total count: 1701
mx: 501.500000
my: 604.485718
nx: 349.000000
ny: 868.623474
x_resultant: 774.250000
y_resultant: 926.750000
mewx: 554.360474
mewy: -95.498146
sqrGr: 316435.437500
gr: 562.525940
