count of a: 603
count of c: 318
count of g: 377
count of t: 403
total count: 1701
mx: 503.000000
my: 601.887634
nx: 347.500000
ny: 871.221558
x_resultant: 772.750000
y_resultant: 928.250000
mewx: 554.207458
mewy: -98.183998
sqrGr: 316786.000000
gr: 562.837463
