count of a: 601
count of c: 322
count of g: 377
count of t: 401
total count: 1701
mx: 501.000000
my: 605.351746
nx: 349.500000
ny: 867.757446
x_resultant: 774.750000
y_resultant: 926.250000
mewx: 555.041870
mewy: -97.674431
sqrGr: 317611.750000
gr: 563.570557
