count of a: 598
count of c: 318
count of g: 377
count of t: 408
total count: 1701
mx: 503.000000
my: 601.887634
nx: 347.500000
ny: 871.221558
x_resultant: 772.750000
y_resultant: 928.250000
mewx: 553.367920
mewy: -95.231590
sqrGr: 315285.125000
gr: 561.502563
