count of a: 607
count of c: 318
count of g: 374
count of t: 402
total count: 1701
mx: 504.500000
my: 599.289551
nx: 346.000000
ny: 873.819641
x_resultant: 771.250000
y_resultant: 929.750000
mewx: 553.527649
mewy: -99.595085
sqrGr: 316312.031250
gr: 562.416260
