count of a: 603
count of c: 320
count of g: 375
count of t: 403
total count: 1701
mx: 503.000000
my: 601.887634
nx: 347.500000
ny: 871.221558
x_resultant: 772.750000
y_resultant: 928.250000
mewx: 554.097778
mewy: -97.265182
sqrGr: 316484.875000
gr: 562.569885
