count of a: 603
count of c: 319
count of g: 375
count of t: 404
total count: 1701
mx: 503.500000
my: 601.021606
nx: 347.000000
ny: 872.087585
x_resultant: 772.250000
y_resultant: 928.750000
mewx: 553.796814
mewy: -97.463837
sqrGr: 316190.093750
gr: 562.307800
