count of a: 596
count of c: 321
count of g: 378
count of t: 406
total count: 1701
mx: 501.000000
my: 605.351746
nx: 349.500000
ny: 867.757446
x_resultant: 774.750000
y_resultant: 926.250000
mewx: 554.122681
mewy: -94.742897
sqrGr: 316028.156250
gr: 562.163818
