count of a: 605
count of c: 313
count of g: 375
count of t: 408
total count: 1701
mx: 506.500000
my: 595.825500
nx: 344.000000
ny: 877.283752
x_resultant: 769.250000
y_resultant: 931.750000
mewx: 552.432373
mewy: -97.014122
sqrGr: 314593.281250
gr: 560.886169
