count of a: 598
count of c: 320
count of g: 379
count of t: 401
total count: 1698
mx: 499.500000
my: 605.351746
nx: 349.500000
ny: 865.159363
x_resultant: 774.000000
y_resultant: 924.000000
mewx: 554.267822
mewy: -97.204124
sqrGr: 316661.468750
gr: 562.726807
