count of a: 600
count of c: 323
count of g: 377
count of t: 401
total count: 1701
mx: 500.500000
my: 606.217773
nx: 350.000000
ny: 866.891418
x_resultant: 775.250000
y_resultant: 925.750000
mewx: 554.751343
mewy: -96.099243
sqrGr: 316984.125000
gr: 563.013428
