count of a: 599
count of c: 321
count of g: 378
count of t: 403
total count: 1701
mx: 501.000000
my: 605.351746
nx: 349.500000
ny: 867.757446
x_resultant: 774.750000
y_resultant: 926.250000
mewx: 554.868835
mewy: -96.452766
sqrGr: 317182.562500
gr: 563.189636
