count of a: 604
count of c: 319
count of g: 373
count of t: 405
total count: 1701
mx: 504.500000
my: 599.289551
nx: 346.000000
ny: 873.819641
x_resultant: 771.250000
y_resultant: 929.750000
mewx: 552.859802
mewy: -96.065643
sqrGr: 314882.562500
gr: 561.143982
