count of a: 595
count of c: 319
count of g: 380
count of t: 407
total count: 1701
mx: 501.000000
my: 605.351746
nx: 349.500000
ny: 867.757446
x_resultant: 774.750000
y_resultant: 926.250000
mewx: 554.297607
mewy: -94.836349
sqrGr: 316239.781250
gr: 562.351990
