count of a: 604
count of c: 313
count of g: 376
count of t: 408
total count: 1701
mx: 506.000000
my: 596.691528
nx: 344.500000
ny: 876.417725
x_resultant: 769.750000
y_resultant: 931.250000
mewx: 552.642883
mewy: -96.803459
sqrGr: 314785.062500
gr: 561.057068
