count of a: 604
count of c: 322
count of g: 372
count of t: 403
total count: 1701
mx: 503.500000
my: 601.021606
nx: 347.000000
ny: 872.087585
x_resultant: 772.250000
y_resultant: 928.750000
mewx: 553.469055
mewy: -95.745010
sqrGr: 315495.093750
gr: 561.689514
