count of a: 602
count of c: 322
count of g: 375
count of t: 402
total count: 1701
mx: 502.000000
my: 603.619690
nx: 348.500000
ny: 869.489502
x_resultant: 773.750000
y_resultant: 927.250000
mewx: 554.674622
mewy: -97.126122
sqrGr: 317097.406250
gr: 563.114014
