count of a: 605
count of c: 320
count of g: 376
count of t: 400
total count: 1701
mx: 502.500000
my: 602.753662
nx: 348.000000
ny: 870.355530
x_resultant: 773.250000
y_resultant: 927.750000
mewx: 554.097473
mewy: -100.899536
sqrGr: 317204.718750
gr: 563.209290
