count of a: 605
count of c: 323
count of g: 374
count of t: 399
total count: 1701
mx: 502.000000
my: 603.619690
nx: 348.500000
ny: 869.489502
x_resultant: 773.750000
y_resultant: 927.250000
mewx: 554.157898
mewy: -99.576279
sqrGr: 317006.406250
gr: 563.033203
