count of a: 600
count of c: 322
count of g: 376
count of t: 403
total count: 1701
mx: 501.500000
my: 604.485718
nx: 349.000000
ny: 868.623474
x_resultant: 774.250000
y_resultant: 926.750000
mewx: 554.659485
mewy: -95.961357
sqrGr: 316855.750000
gr: 562.899414
