count of a: 597
count of c: 320
count of g: 377
count of t: 407
total count: 1701
mx: 502.000000
my: 603.619690
nx: 348.500000
ny: 869.489502
x_resultant: 773.750000
y_resultant: 927.250000
mewx: 553.805481
mewy: -94.876541
sqrGr: 315702.062500
gr: 561.873718
