count of a: 598
count of c: 323
count of g: 378
count of t: 402
total count: 1701
mx: 500.000000
my: 607.083801
nx: 350.500000
ny: 866.025391
x_resultant: 775.750000
y_resultant: 925.250000
mewx: 555.002808
mewy: -95.528564
sqrGr: 317153.843750
gr: 563.164124
