count of a: 601
count of c: 318
count of g: 377
count of t: 405
total count: 1701
mx: 503.000000
my: 601.887634
nx: 347.500000
ny: 871.221558
x_resultant: 772.750000
y_resultant: 928.250000
mewx: 553.465027
mewy: -96.642250
sqrGr: 315663.250000
gr: 561.839172
