count of a: 603
count of c: 319
count of g: 374
count of t: 405
total count: 1701
mx: 504.000000
my: 600.155579
nx: 346.500000
ny: 872.953613
x_resultant: 771.750000
y_resultant: 929.250000
mewx: 553.524719
mewy: -96.822319
sqrGr: 315764.187500
gr: 561.929016
