count of a: 605
count of c: 320
count of g: 374
count of t: 402
total count: 1701
mx: 503.500000
my: 601.021606
nx: 347.000000
ny: 872.087585
x_resultant: 772.250000
y_resultant: 928.750000
mewx: 553.210999
mewy: -98.395988
sqrGr: 315724.187500
gr: 561.893372
