count of a: 605
count of c: 317
count of g: 375
count of t: 404
total count: 1701
mx: 504.500000
my: 599.289551
nx: 346.000000
ny: 873.819641
x_resultant: 771.250000
y_resultant: 929.750000
mewx: 553.137390
mewy: -99.243752
sqrGr: 315810.281250
gr: 561.969971
