count of a: 600
count of c: 319
count of g: 377
count of t: 404
total count: 1700
mx: 502.000000
my: 602.753662
nx: 348.000000
ny: 869.489502
x_resultant: 773.000000
y_resultant: 927.000000
mewx: 553.973083
mewy: -96.242538
sqrGr: 316148.812500
gr: 562.271118
