count of a: 604
count of c: 323
count of g: 373
count of t: 401
total count: 1701
mx: 502.500000
my: 602.753662
nx: 348.000000
ny: 870.355530
x_resultant: 773.250000
y_resultant: 927.750000
mewx: 554.022766
mewy: -96.533745
sqrGr: 316259.968750
gr: 562.369934
