count of a: 595
count of c: 322
count of g: 382
count of t: 402
total count: 1701
mx: 498.500000
my: 609.681885
nx: 352.000000
ny: 863.427307
x_resultant: 777.250000
y_resultant: 923.750000
mewx: 555.886353
mewy: -95.338516
sqrGr: 318099.062500
gr: 564.002686
