count of a: 608
count of c: 318
count of g: 371
count of t: 404
total count: 1701
mx: 506.000000
my: 596.691528
nx: 344.500000
ny: 876.417725
x_resultant: 769.750000
y_resultant: 931.250000
mewx: 552.708191
mewy: -98.123650
sqrGr: 315114.593750
gr: 561.350708
