count of a: 605
count of c: 322
count of g: 374
count of t: 400
total count: 1701
mx: 502.500000
my: 602.753662
nx: 348.000000
ny: 870.355530
x_resultant: 773.250000
y_resultant: 927.750000
mewx: 554.066162
mewy: -98.416512
sqrGr: 316675.125000
gr: 562.738953
