count of a: 604
count of c: 318
count of g: 375
count of t: 404
total count: 1701
mx: 504.000000
my: 600.155579
nx: 346.500000
ny: 872.953613
x_resultant: 771.750000
y_resultant: 929.250000
mewx: 553.234619
mewy: -97.391579
sqrGr: 315553.656250
gr: 561.741638
