count of a: 604
count of c: 323
count of g: 375
count of t: 399
total count: 1701
mx: 501.500000
my: 604.485718
nx: 349.000000
ny: 868.623474
x_resultant: 774.250000
y_resultant: 926.750000
mewx: 554.381042
mewy: -99.353058
sqrGr: 317209.375000
gr: 563.213440
