count of a: 596
count of c: 317
count of g: 380
count of t: 408
total count: 1701
mx: 502.000000
my: 603.619690
nx: 348.500000
ny: 869.489502
x_resultant: 773.750000
y_resultant: 927.250000
mewx: 554.327148
mewy: -93.284576
sqrGr: 315980.593750
gr: 562.121521
