count of a: 601
count of c: 321
count of g: 377
count of t: 402
total count: 1701
mx: 501.500000
my: 604.485718
nx: 349.000000
ny: 868.623474
x_resultant: 774.250000
y_resultant: 926.750000
mewx: 554.751770
mewy: -96.692917
sqrGr: 317099.062500
gr: 563.115479
