count of a: 603
count of c: 317
count of g: 374
count of t: 407
total count: 1701
mx: 505.000000
my: 598.423523
nx: 345.500000
ny: 874.685669
x_resultant: 770.750000
y_resultant: 930.250000
mewx: 553.367737
mewy: -96.572578
sqrGr: 315542.093750
gr: 561.731323
