count of a: 605
count of c: 320
count of g: 372
count of t: 404
total count: 1701
mx: 504.500000
my: 599.289551
nx: 346.000000
ny: 873.819641
x_resultant: 771.250000
y_resultant: 929.750000
mewx: 552.585876
mewy: -96.466011
sqrGr: 314656.843750
gr: 560.942810
