count of a: 599
count of c: 321
count of g: 377
count of t: 403
total count: 1700
mx: 501.000000
my: 604.485718
nx: 349.000000
ny: 867.757446
x_resultant: 774.000000
y_resultant: 926.000000
mewx: 554.403198
mewy: -96.190498
sqrGr: 316615.531250
gr: 562.685974
