count of a: 601
count of c: 322
count of g: 377
count of t: 401
total count: 1701
mx: 501.000000
my: 605.351746
nx: 349.500000
ny: 867.757446
x_resultant: 774.750000
y_resultant: 926.250000
mewx: 553.892029
mewy: -97.047623
sqrGr: 316214.625000
gr: 562.329651
