count of a: 595
count of c: 319
count of g: 378
count of t: 409
total count: 1701
mx: 502.000000
my: 603.619690
nx: 348.500000
ny: 869.489502
x_resultant: 773.750000
y_resultant: 927.250000
mewx: 553.857788
mewy: -92.879158
sqrGr: 315384.968750
gr: 561.591431
