count of a: 599
count of c: 323
count of g: 378
count of t: 401
total count: 1701
mx: 500.000000
my: 607.083801
nx: 350.500000
ny: 866.025391
x_resultant: 775.750000
y_resultant: 925.250000
mewx: 555.292358
mewy: -96.109840
sqrGr: 317586.687500
gr: 563.548279
