count of a: 601
count of c: 320
count of g: 378
count of t: 402
total count: 1701
mx: 501.500000
my: 604.485718
nx: 349.000000
ny: 868.623474
x_resultant: 774.250000
y_resultant: 926.750000
mewx: 554.423340
mewy: -98.231354
sqrGr: 317034.656250
gr: 563.058289
