count of a: 604
count of c: 321
count of g: 376
count of t: 400
total count: 1701
mx: 502.000000
my: 603.619690
nx: 348.500000
ny: 869.489502
x_resultant: 773.750000
y_resultant: 927.250000
mewx: 554.335815
mewy: -99.722580
sqrGr: 317232.781250
gr: 563.234192
