count of a: 597
count of c: 317
count of g: 378
count of t: 409
total count: 1701
mx: 503.000000
my: 601.887634
nx: 347.500000
ny: 871.221558
x_resultant: 772.750000
y_resultant: 928.250000
mewx: 553.465881
mewy: -94.923729
sqrGr: 315334.968750
gr: 561.546936
