count of a: 605
count of c: 319
count of g: 375
count of t: 402
total count: 1701
mx: 503.500000
my: 601.021606
nx: 347.000000
ny: 872.087585
x_resultant: 772.250000
y_resultant: 928.750000
mewx: 553.826843
mewy: -99.400322
sqrGr: 316604.625000
gr: 562.676331
