count of a: 605
count of c: 321
count of g: 374
count of t: 401
total count: 1701
mx: 503.000000
my: 601.887634
nx: 347.500000
ny: 871.221558
x_resultant: 772.750000
y_resultant: 928.250000
mewx: 553.535278
mewy: -98.719246
sqrGr: 316146.812500
gr: 562.269348
