count of a: 598
count of c: 321
count of g: 377
count of t: 405
total count: 1701
mx: 501.500000
my: 604.485718
nx: 349.000000
ny: 868.623474
x_resultant: 774.250000
y_resultant: 926.750000
mewx: 554.104065
mewy: -95.906822
sqrGr: 316229.437500
gr: 562.342834
