count of a: 602
count of c: 320
count of g: 374
count of t: 403
total count: 1699
mx: 502.500000
my: 601.021606
nx: 347.000000
ny: 870.355530
x_resultant: 771.750000
y_resultant: 927.250000
mewx: 553.132935
mewy: -96.536949
sqrGr: 315275.406250
gr: 561.493896
