count of a: 602
count of c: 318
count of g: 375
count of t: 406
total count: 1701
mx: 504.000000
my: 600.155579
nx: 346.500000
ny: 872.953613
x_resultant: 771.750000
y_resultant: 929.250000
mewx: 553.734192
mewy: -96.099991
sqrGr: 315856.781250
gr: 562.011353
