count of a: 598
count of c: 320
count of g: 377
count of t: 406
total count: 1701
mx: 502.000000
my: 603.619690
nx: 348.500000
ny: 869.489502
x_resultant: 773.750000
y_resultant: 927.250000
mewx: 554.010498
mewy: -95.593704
sqrGr: 316065.781250
gr: 562.197266
