count of a: 602
count of c: 324
count of g: 376
count of t: 399
total count: 1701
mx: 500.500000
my: 606.217773
nx: 350.000000
ny: 866.891418
x_resultant: 775.250000
y_resultant: 925.750000
mewx: 554.595886
mewy: -97.562454
sqrGr: 317095.031250
gr: 563.111938
