count of a: 602
count of c: 320
count of g: 376
count of t: 403
total count: 1701
mx: 502.500000
my: 602.753662
nx: 348.000000
ny: 870.355530
x_resultant: 773.250000
y_resultant: 927.750000
mewx: 554.193909
mewy: -97.168785
sqrGr: 316572.656250
gr: 562.647888
