count of a: 604
count of c: 320
count of g: 373
count of t: 404
total count: 1701
mx: 504.000000
my: 600.155579
nx: 346.500000
ny: 872.953613
x_resultant: 771.750000
y_resultant: 929.250000
mewx: 553.364075
mewy: -95.339912
sqrGr: 315301.500000
gr: 561.517151
