count of a: 605
count of c: 322
count of g: 372
count of t: 402
total count: 1701
mx: 503.500000
my: 601.021606
nx: 347.000000
ny: 872.087585
x_resultant: 772.250000
y_resultant: 928.750000
mewx: 553.783752
mewy: -96.505402
sqrGr: 315989.718750
gr: 562.129639
