count of a: 603
count of c: 322
count of g: 375
count of t: 401
total count: 1701
mx: 502.000000
my: 603.619690
nx: 348.500000
ny: 869.489502
x_resultant: 773.750000
y_resultant: 927.250000
mewx: 553.711731
mewy: -98.104294
sqrGr: 316221.125000
gr: 562.335449
