count of a: 595
count of c: 320
count of g: 379
count of t: 407
total count: 1701
mx: 501.000000
my: 605.351746
nx: 349.500000
ny: 867.757446
x_resultant: 774.750000
y_resultant: 926.250000
mewx: 554.384094
mewy: -94.297745
sqrGr: 316233.781250
gr: 562.346680
