count of a: 602
count of c: 320
count of g: 376
count of t: 403
total count: 1701
mx: 502.500000
my: 602.753662
nx: 348.000000
ny: 870.355530
x_resultant: 773.250000
y_resultant: 927.750000
mewx: 554.077393
mewy: -96.405495
sqrGr: 316295.781250
gr: 562.401794
