count of a: 598
count of c: 324
count of g: 376
count of t: 403
total count: 1701
mx: 500.500000
my: 606.217773
nx: 350.000000
ny: 866.891418
x_resultant: 775.250000
y_resultant: 925.750000
mewx: 554.512146
mewy: -95.049072
sqrGr: 316518.031250
gr: 562.599365
