count of a: 598
count of c: 318
count of g: 376
count of t: 409
total count: 1701
mx: 503.500000
my: 601.021606
nx: 347.000000
ny: 872.087585
x_resultant: 772.250000
y_resultant: 928.750000
mewx: 553.502991
mewy: -94.209763
sqrGr: 315241.031250
gr: 561.463318
