count of a: 608
count of c: 320
count of g: 372
count of t: 401
total count: 1701
mx: 504.500000
my: 599.289551
nx: 346.000000
ny: 873.819641
x_resultant: 771.250000
y_resultant: 929.750000
mewx: 552.884583
mewy: -100.720909
sqrGr: 315826.062500
gr: 561.984070
