count of a: 598
count of c: 323
count of g: 379
count of t: 401
total count: 1701
mx: 499.500000
my: 607.949829
nx: 351.000000
ny: 865.159363
x_resultant: 776.250000
y_resultant: 924.750000
mewx: 554.998657
mewy: -95.716042
sqrGr: 317185.062500
gr: 563.191833
