count of a: 605
count of c: 319
count of g: 373
count of t: 404
total count: 1701
mx: 504.500000
my: 599.289551
nx: 346.000000
ny: 873.819641
x_resultant: 771.250000
y_resultant: 929.750000
mewx: 552.801025
mewy: -98.004890
sqrGr: 315193.937500
gr: 561.421326
