count of a: 595
count of c: 315
count of g: 377
count of t: 411
total count: 1698
mx: 503.000000
my: 599.289551
nx: 346.000000
ny: 871.221558
x_resultant: 770.500000
y_resultant: 927.500000
mewx: 553.402466
mewy: -95.524048
sqrGr: 315379.125000
gr: 561.586243
