count of a: 595
count of c: 317
count of g: 373
count of t: 416
total count: 1701
mx: 505.500000
my: 597.557556
nx: 345.000000
ny: 875.551697
x_resultant: 770.250000
y_resultant: 930.750000
mewx: 552.354980
mewy: -89.996223
sqrGr: 313195.343750
gr: 559.638611
