count of a: 601
count of c: 321
count of g: 377
count of t: 402
total count: 1701
mx: 501.500000
my: 604.485718
nx: 349.000000
ny: 868.623474
x_resultant: 774.250000
y_resultant: 926.750000
mewx: 554.464233
mewy: -97.526215
sqrGr: 316941.968750
gr: 562.976013
