count of a: 590
count of c: 323
count of g: 381
count of t: 407
total count: 1701
mx: 498.500000
my: 609.681885
nx: 352.000000
ny: 863.427307
x_resultant: 777.250000
y_resultant: 923.750000
mewx: 556.252686
mewy: -91.518173
sqrGr: 317792.625000
gr: 563.730957
