count of a: 602
count of c: 320
count of g: 375
count of t: 404
total count: 1701
mx: 503.000000
my: 601.887634
nx: 347.500000
ny: 871.221558
x_resultant: 772.750000
y_resultant: 928.250000
mewx: 553.816284
mewy: -95.151436
sqrGr: 315766.250000
gr: 561.930847
