count of a: 597
count of c: 317
count of g: 380
count of t: 407
total count: 1701
mx: 502.000000
my: 603.619690
nx: 348.500000
ny: 869.489502
x_resultant: 773.750000
y_resultant: 927.250000
mewx: 553.958252
mewy: -94.183029
sqrGr: 315740.187500
gr: 561.907654
