count of a: 603
count of c: 320
count of g: 375
count of t: 402
total count: 1700
mx: 502.500000
my: 601.887634
nx: 347.500000
ny: 870.355530
x_resultant: 772.500000
y_resultant: 927.500000
mewx: 553.824646
mewy: -97.817307
sqrGr: 316289.968750
gr: 562.396606
