count of a: 600
count of c: 319
count of g: 377
count of t: 405
total count: 1701
mx: 502.500000
my: 602.753662
nx: 348.000000
ny: 870.355530
x_resultant: 773.250000
y_resultant: 927.750000
mewx: 554.129639
mewy: -96.030296
sqrGr: 316281.468750
gr: 562.389099
