count of a: 600
count of c: 320
count of g: 375
count of t: 406
total count: 1701
mx: 503.000000
my: 601.887634
nx: 347.500000
ny: 871.221558
x_resultant: 772.750000
y_resultant: 928.250000
mewx: 553.753479
mewy: -95.979568
sqrGr: 315854.968750
gr: 562.009766
