count of a: 603
count of c: 317
count of g: 376
count of t: 405
total count: 1701
mx: 504.000000
my: 600.155579
nx: 346.500000
ny: 872.953613
x_resultant: 771.750000
y_resultant: 929.250000
mewx: 553.069397
mewy: -99.309502
sqrGr: 315748.125000
gr: 561.914673
