count of a: 600
count of c: 319
count of g: 378
count of t: 404
total count: 1701
mx: 502.000000
my: 603.619690
nx: 348.500000
ny: 869.489502
x_resultant: 773.750000
y_resultant: 927.250000
mewx: 554.333862
mewy: -96.732803
sqrGr: 316643.281250
gr: 562.710632
