count of a: 603
count of c: 322
count of g: 373
count of t: 403
total count: 1701
mx: 503.000000
my: 601.887634
nx: 347.500000
ny: 871.221558
x_resultant: 772.750000
y_resultant: 928.250000
mewx: 553.651062
mewy: -97.335411
sqrGr: 316003.687500
gr: 562.142029
