count of a: 604
count of c: 319
count of g: 373
count of t: 405
total count: 1701
mx: 504.500000
my: 599.289551
nx: 346.000000
ny: 873.819641
x_resultant: 771.250000
y_resultant: 929.750000
mewx: 553.712219
mewy: -97.329666
sqrGr: 316070.281250
gr: 562.201294
