count of a: 599
count of c: 320
count of g: 377
count of t: 405
total count: 1701
mx: 502.000000
my: 603.619690
nx: 348.500000
ny: 869.489502
x_resultant: 773.750000
y_resultant: 927.250000
mewx: 554.810425
mewy: -95.825462
sqrGr: 316997.125000
gr: 563.024963
