count of a: 605
count of c: 318
count of g: 373
count of t: 404
total count: 1700
mx: 504.500000
my: 598.423523
nx: 345.500000
ny: 873.819641
x_resultant: 770.500000
y_resultant: 929.500000
mewx: 552.264282
mewy: -98.552620
sqrGr: 314708.468750
gr: 560.988831
