count of a: 602
count of c: 320
count of g: 377
count of t: 402
total count: 1701
mx: 502.000000
my: 603.619690
nx: 348.500000
ny: 869.489502
x_resultant: 773.750000
y_resultant: 927.250000
mewx: 554.261902
mewy: -98.068924
sqrGr: 316823.750000
gr: 562.870972
