count of a: 601
count of c: 319
count of g: 376
count of t: 404
total count: 1700
mx: 502.500000
my: 601.887634
nx: 347.500000
ny: 870.355530
x_resultant: 772.500000
y_resultant: 927.500000
mewx: 553.882568
mewy: -96.178596
sqrGr: 316036.218750
gr: 562.170959
