count of a: 606
count of c: 319
count of g: 374
count of t: 402
total count: 1701
mx: 504.000000
my: 600.155579
nx: 346.500000
ny: 872.953613
x_resultant: 771.750000
y_resultant: 929.250000
mewx: 553.360535
mewy: -99.743698
sqrGr: 316156.687500
gr: 562.278137
