count of a: 604
count of c: 317
count of g: 375
count of t: 405
total count: 1701
mx: 504.500000
my: 599.289551
nx: 346.000000
ny: 873.819641
x_resultant: 771.250000
y_resultant: 929.750000
mewx: 552.947632
mewy: -97.043396
sqrGr: 315168.500000
gr: 561.398682
