count of a: 604
count of c: 319
count of g: 372
count of t: 406
total count: 1701
mx: 505.000000
my: 598.423523
nx: 345.500000
ny: 874.685669
x_resultant: 770.750000
y_resultant: 930.250000
mewx: 553.485107
mewy: -96.322495
sqrGr: 315623.781250
gr: 561.804016
