count of a: 591
count of c: 319
count of g: 381
count of t: 410
total count: 1701
mx: 500.500000
my: 606.217773
nx: 350.000000
ny: 866.891418
x_resultant: 775.250000
y_resultant: 925.750000
mewx: 555.242188
mewy: -91.765732
sqrGr: 316714.812500
gr: 562.774231
