count of a: 603
count of c: 321
count of g: 374
count of t: 403
total count: 1701
mx: 503.000000
my: 601.887634
nx: 347.500000
ny: 871.221558
x_resultant: 772.750000
y_resultant: 928.250000
mewx: 553.760071
mewy: -95.605598
sqrGr: 315790.656250
gr: 561.952515
