count of a: 603
count of c: 324
count of g: 374
count of t: 399
total count: 1700
mx: 501.000000
my: 604.485718
nx: 349.000000
ny: 867.757446
x_resultant: 774.000000
y_resultant: 926.000000
mewx: 554.174500
mewy: -96.548904
sqrGr: 316431.062500
gr: 562.522034
