count of a: 602
count of c: 319
count of g: 377
count of t: 403
total count: 1701
mx: 502.500000
my: 602.753662
nx: 348.000000
ny: 870.355530
x_resultant: 773.250000
y_resultant: 927.750000
mewx: 554.307617
mewy: -97.445526
sqrGr: 316752.562500
gr: 562.807739
