count of a: 605
count of c: 318
count of g: 373
count of t: 405
total count: 1701
mx: 505.000000
my: 598.423523
nx: 345.500000
ny: 874.685669
x_resultant: 770.750000
y_resultant: 930.250000
mewx: 552.672607
mewy: -96.617516
sqrGr: 314781.937500
gr: 561.054321
