count of a: 595
count of c: 320
count of g: 380
count of t: 406
total count: 1701
mx: 500.500000
my: 606.217773
nx: 350.000000
ny: 866.891418
x_resultant: 775.250000
y_resultant: 925.750000
mewx: 554.351318
mewy: -94.890076
sqrGr: 316309.500000
gr: 562.414001
