count of a: 599
count of c: 320
count of g: 378
count of t: 404
total count: 1701
mx: 501.500000
my: 604.485718
nx: 349.000000
ny: 868.623474
x_resultant: 774.250000
y_resultant: 926.750000
mewx: 555.020264
mewy: -96.241592
sqrGr: 317309.937500
gr: 563.302734
