count of a: 598
count of c: 320
count of g: 379
count of t: 404
total count: 1701
mx: 501.000000
my: 605.351746
nx: 349.500000
ny: 867.757446
x_resultant: 774.750000
y_resultant: 926.250000
mewx: 555.090515
mewy: -96.111855
sqrGr: 317362.968750
gr: 563.349792
