count of a: 601
count of c: 321
count of g: 374
count of t: 405
total count: 1701
mx: 503.000000
my: 601.887634
nx: 347.500000
ny: 871.221558
x_resultant: 772.750000
y_resultant: 928.250000
mewx: 553.532166
mewy: -95.892723
sqrGr: 315593.250000
gr: 561.776855
