count of a: 604
count of c: 318
count of g: 373
count of t: 406
total count: 1701
mx: 505.000000
my: 598.423523
nx: 345.500000
ny: 874.685669
x_resultant: 770.750000
y_resultant: 930.250000
mewx: 552.708801
mewy: -96.167381
sqrGr: 314735.187500
gr: 561.012634
