count of a: 590
count of c: 323
count of g: 378
count of t: 410
total count: 1701
mx: 500.000000
my: 607.083801
nx: 350.500000
ny: 866.025391
x_resultant: 775.750000
y_resultant: 925.250000
mewx: 554.821899
mewy: -88.371460
sqrGr: 315636.843750
gr: 561.815674
