count of a: 601
count of c: 320
count of g: 375
count of t: 404
total count: 1700
mx: 502.500000
my: 601.887634
nx: 347.500000
ny: 870.355530
x_resultant: 772.500000
y_resultant: 927.500000
mewx: 553.740173
mewy: -96.804596
sqrGr: 315999.312500
gr: 562.138184
