count of a: 585
count of c: 323
count of g: 380
count of t: 413
total count: 1701
mx: 499.000000
my: 608.815857
nx: 351.500000
ny: 864.293335
x_resultant: 776.750000
y_resultant: 924.250000
mewx: 555.486450
mewy: -85.392960
sqrGr: 315857.156250
gr: 562.011719
