count of a: 600
count of c: 323
count of g: 376
count of t: 402
total count: 1701
mx: 501.000000
my: 605.351746
nx: 349.500000
ny: 867.757446
x_resultant: 774.750000
y_resultant: 926.250000
mewx: 554.588196
mewy: -94.995422
sqrGr: 316592.187500
gr: 562.665283
