count of a: 590
count of c: 323
count of g: 377
count of t: 411
total count: 1701
mx: 500.500000
my: 606.217773
nx: 350.000000
ny: 866.891418
x_resultant: 775.250000
y_resultant: 925.750000
mewx: 554.534729
mewy: -87.112076
sqrGr: 315097.281250
gr: 561.335266
