count of a: 599
count of c: 319
count of g: 377
count of t: 406
total count: 1701
mx: 502.500000
my: 602.753662
nx: 348.000000
ny: 870.355530
x_resultant: 773.250000
y_resultant: 927.750000
mewx: 553.441406
mewy: -96.643143
sqrGr: 315637.281250
gr: 561.816040
