count of a: 602
count of c: 323
count of g: 374
count of t: 402
total count: 1701
mx: 502.000000
my: 603.619690
nx: 348.500000
ny: 869.489502
x_resultant: 773.750000
y_resultant: 927.250000
mewx: 554.397461
mewy: -95.852119
sqrGr: 316544.156250
gr: 562.622559
