count of a: 588
count of c: 319
count of g: 381
count of t: 408
total count: 1696
mx: 498.000000
my: 606.217773
nx: 350.000000
ny: 862.561279
x_resultant: 774.000000
y_resultant: 922.000000
mewx: 554.349487
mewy: -90.859695
sqrGr: 315558.812500
gr: 561.746216
