count of a: 604
count of c: 321
count of g: 375
count of t: 401
total count: 1701
mx: 502.500000
my: 602.753662
nx: 348.000000
ny: 870.355530
x_resultant: 773.250000
y_resultant: 927.750000
mewx: 553.796814
mewy: -99.616486
sqrGr: 316614.343750
gr: 562.684937
