count of a: 604
count of c: 322
count of g: 373
count of t: 402
total count: 1701
mx: 503.000000
my: 601.887634
nx: 347.500000
ny: 871.221558
x_resultant: 772.750000
y_resultant: 928.250000
mewx: 553.920471
mewy: -96.082710
sqrGr: 316059.750000
gr: 562.191895
